  -3.8318249e-01   3.5298366e-01  -7.9283391e-01
   1.0820522e+00   2.0968876e+00  -1.8431260e+00
   1.0836270e-01   1.3784246e+00  -2.1950691e+00
   1.2293073e+00  -1.4764289e+00  -1.7718582e+00
   1.3555074e+00   2.1599691e+00  -3.2008883e+00
   9.0803628e-01   1.8969439e+00  -1.5892475e+00
  -3.4021928e-01  -2.1767238e-01  -2.6284866e+00
   2.5362107e-01   2.8624185e-01  -1.5089595e+00
   6.6779143e-02   1.3613973e+00  -2.3558464e+00
   2.1554607e-01  -3.5052583e-01  -2.9082402e+00
  -6.4564743e-01  -7.6654524e-02  -3.7231630e+00
   7.8635505e-02  -3.7167868e-02  -1.8396521e+00
  -1.3163579e-02   1.5079946e+00  -1.5358763e+00
   1.3468486e+00   1.0564745e+00  -2.5801729e+00
   2.2159387e-01   3.5820247e-01  -3.3652202e+00
  -1.7367256e+00  -1.7703079e-01  -3.1670736e+00
  -8.9698995e-01   6.5354099e-01  -9.6934331e-01
   2.5931303e-01   5.4442966e-02  -2.7395777e+00
  -1.1730869e+00   2.3889655e+00  -1.7168161e+00
  -3.2515439e-01  -9.6650197e-01  -2.0159634e+00
   1.1080760e+00   3.7139614e-01  -1.0033619e+00
   6.1371525e-01  -3.5777783e-01  -2.5516781e+00
  -3.8935195e-01   2.3027584e+00  -1.9802800e+00
   7.4186780e-01   1.7024536e+00  -2.6606171e-01
  -5.9406821e-01   1.5486226e-01  -1.2617347e+00
  -9.3466165e-01   5.7679795e-01   1.9064533e-01
   7.1306580e-01   1.4584983e+00  -1.7654750e+00
   9.9499897e-01   1.2449104e+00  -1.3088588e+00
  -1.9037248e+00  -1.7339577e+00  -8.9155218e-01
   7.3911780e-01  -9.9458904e-01  -1.0220063e+00
  -1.5434817e+00   4.8887339e-01  -2.9338073e+00
   3.8185446e-01   2.1782731e+00  -4.0562170e+00
   1.6567417e+00   1.4392025e+00  -1.4168637e+00
   2.2626886e-01  -3.7124352e-02  -2.8508205e+00
   8.5990229e-01   1.5898175e+00   1.3131991e-01
  -6.0033505e-01   3.0804561e-01  -1.4559963e+00
  -9.4715899e-01  -1.8033749e-01  -1.2949197e+00
  -1.5670838e+00   1.0909961e+00  -1.2719970e+00
   8.8407918e-01   5.6702875e-01  -8.4501224e-01
  -4.6536299e-01   8.2586454e-01  -2.3005355e+00
   9.5571406e-01   2.0970165e-02  -2.0658248e+00
   1.0059635e-01   1.0108751e+00  -1.7773686e+00
  -1.1426754e+00   2.7212399e-01  -9.4066459e-01
   8.4478631e-01  -8.3338856e-02  -1.5067489e+00
   4.6028633e-01   1.9567992e+00  -2.5214898e+00
   7.8622351e-02   9.8886137e-01  -1.0450909e+00
  -8.4391415e-01  -2.6755267e-01  -1.7210267e+00
  -1.3302788e+00   2.3450262e+00  -3.0024608e+00
   1.0150599e+00   2.1406193e-01  -1.9687105e+00
   7.7360790e-01   1.0935004e+00  -3.1322097e+00
   2.1383658e+00  -1.2263607e-01  -2.7430146e+00
   1.1005067e+00   2.9587050e+00  -1.4042885e+00
  -1.4442809e-01   2.9587724e+00  -3.9079240e+00
  -1.5726537e+00   9.8098959e-01  -3.4299513e+00
  -4.3428345e-01   2.8053746e-01  -5.9832105e-01
   1.9945907e+00   1.9861117e+00  -1.5762475e+00
   4.3757866e-01   1.3531972e+00  -1.3537061e+00
   4.3840143e-01   9.2099525e-01  -9.5327530e-01
   1.6790879e+00   2.6123745e+00  -7.4517883e-01
  -8.7124709e-01   2.2130076e+00  -1.6981769e+00
  -4.8063793e-01   1.1742519e+00  -1.1517483e+00
  -1.1570344e+00   1.6078128e+00  -2.7538298e+00
   1.2048778e+00   9.8371506e-01  -2.2966899e+00
   1.8107777e+00   1.3890972e+00  -2.3287396e+00
   1.1161976e+00   1.8072496e+00  -2.6827287e+00
  -1.3429802e+00   2.1559843e+00  -2.5247394e+00
   7.4774974e-01   1.2760888e-01  -1.5504283e+00
  -4.6569504e-01   1.1172202e+00  -2.2308080e+00
   2.0278243e-01   1.6760060e+00  -1.8453852e+00
  -5.7024725e-01  -3.0677067e-01  -2.3955267e+00
   8.5831464e-01   8.9083758e-01  -1.9370955e+00
  -9.7989055e-01   3.4712656e-01  -1.0416813e+00
   3.9324710e-01   7.0764324e-01  -3.7213829e+00
   1.6518162e+00   1.2653805e+00  -6.3631075e-01
  -1.0299399e+00   2.7811475e-01  -1.4283128e+00
   1.3627746e+00   1.8158142e+00  -5.7536621e-01
  -1.3179412e+00   1.1568830e+00  -9.3962579e-01
  -1.2901978e+00   2.5490763e+00  -3.2476704e+00
   8.1718171e-01   9.2527764e-01  -2.1290118e+00
  -4.0435710e-01   7.2568887e-01  -2.4693157e+00
   1.7042334e+00   1.2262337e+00  -3.4377139e+00
   5.5859060e-01   1.5632157e+00  -4.0343255e-01
   9.7165899e-01   2.1281744e+00  -2.3498673e+00
  -9.3983148e-01  -8.4529125e-02  -2.2399137e+00
  -6.6089444e-01   1.5501601e+00  -1.0744576e+00
   2.0935968e+00  -3.3943639e-01  -2.1345724e+00
   6.1628068e-01   1.6993799e+00  -2.1268422e+00
  -1.5029129e+00  -1.5797870e-01  -1.5391806e+00
  -1.5046515e+00   9.8846230e-01  -1.3394244e+00
  -1.7015260e+00   2.5421709e+00  -1.1842868e+00
  -2.5510650e-01   1.1589132e+00  -1.4100973e+00
   2.6513074e+00   3.2618931e-01  -1.1642958e+00
  -1.8356858e+00   4.2912736e-01  -2.3990516e+00
   1.4003721e-01   1.0683506e+00  -3.7574367e+00
   1.9174468e+00   1.5268164e+00  -2.7519797e-02
   9.7517612e-01   2.5582499e-01  -2.5935584e+00
   2.1885668e+00   1.4350071e+00  -4.2126834e-01
  -1.7479905e+00   2.9171146e-01  -4.5425346e-01
  -7.6603942e-02   1.0296986e+00  -1.0955697e+00
  -6.7205288e-01   1.2689809e+00  -1.3174551e+00
   6.4703781e+00   4.6949054e+00   1.0200397e+01
   8.2906351e+00   4.9400386e+00   9.8196208e+00
   6.4080919e+00   5.8233678e+00   9.5669713e+00
   7.2852369e+00   4.6786355e+00   9.3640505e+00
   8.2031807e+00   2.8953715e+00   9.4141711e+00
   7.5265297e+00   5.6013512e+00   1.1699922e+01
   8.4131806e+00   3.8902239e+00   7.9421662e+00
   6.3769590e+00   5.3924334e+00   9.7939060e+00
   7.9169438e+00   4.4503074e+00   9.6016039e+00
   5.4884720e+00   6.0550773e+00   1.0914800e+01
   7.5155574e+00   3.5102971e+00   1.0262536e+01
   7.4163147e+00   4.3294873e+00   9.0370136e+00
   6.5996797e+00   5.3697227e+00   1.1292602e+01
   7.6095705e+00   5.6641410e+00   1.1587788e+01
   4.6307748e+00   4.9331358e+00   1.0285598e+01
   8.8319552e+00   4.5010847e+00   1.0118386e+01
   6.0622407e+00   3.8405937e+00   1.0379676e+01
   7.4296412e+00   5.1486327e+00   9.5475686e+00
   7.6124484e+00   3.7269916e+00   1.1391794e+01
   5.3695855e+00   7.2860454e+00   8.1434527e+00
   6.5265324e+00   4.7551974e+00   1.1477884e+01
   5.3523110e+00   5.5537917e+00   9.2227973e+00
   7.7781046e+00   5.5874084e+00   9.1783178e+00
   7.0783784e+00   5.8341741e+00   1.0161559e+01
   8.2136128e+00   4.5261218e+00   1.0341558e+01
   6.0088758e+00   6.7236809e+00   1.0548982e+01
   7.8944253e+00   5.2435495e+00   1.0606604e+01
   7.2504569e+00   5.2107705e+00   8.6578488e+00
   6.8460675e+00   5.2575942e+00   1.0702622e+01
   8.1179861e+00   6.1407999e+00   1.0683794e+01
   5.4772296e+00   6.2017138e+00   1.0705861e+01
   6.4443473e+00   4.8474738e+00   1.0178755e+01
   6.5942336e+00   2.9990018e+00   1.0298683e+01
   6.1086768e+00   4.1083859e+00   9.1548461e+00
   6.5029389e+00   3.2567930e+00   9.9888805e+00
   9.2743105e+00   3.5728747e+00   1.0800335e+01
   7.5632593e+00   5.4094643e+00   8.5057028e+00
   7.2671770e+00   4.1082962e+00   9.6065712e+00
   7.1936411e+00   6.3521866e+00   8.6737419e+00
   6.7373686e+00   5.6282557e+00   1.1338116e+01
   7.1081734e+00   4.3402706e+00   1.0456685e+01
   7.6874032e+00   4.9602695e+00   1.1297877e+01
   6.8683877e+00   5.9386998e+00   9.6281804e+00
   5.5187813e+00   5.2581885e+00   1.0557762e+01
   7.6295484e+00   4.2972286e+00   1.0603195e+01
   5.5423687e+00   6.6584661e+00   1.1029131e+01
   7.2597044e+00   5.2378783e+00   1.0247197e+01
   7.7250431e+00   6.7778004e+00   1.0528541e+01
   6.5243836e+00   6.2008915e+00   8.3641738e+00
   7.4708743e+00   5.1973034e+00   1.1227708e+01
   8.7371467e+00   4.7291846e+00   9.5051721e+00
   7.1122159e+00   4.0509191e+00   9.3185399e+00
   6.8742400e+00   6.4236612e+00   8.3351614e+00
   8.2408848e+00   6.3761442e+00   1.0098398e+01
   6.3969980e+00   5.0367132e+00   1.0078018e+01
   8.6615752e+00   4.4428357e+00   1.0350823e+01
   8.8989832e+00   5.1354710e+00   1.0640647e+01
   7.2231212e+00   4.2655467e+00   9.6983664e+00
   7.6086786e+00   4.6146697e+00   1.1073993e+01
   5.9979728e+00   4.7010670e+00   9.5469489e+00
   6.9174832e+00   5.1230208e+00   8.7903061e+00
   8.7398941e+00   4.9399781e+00   9.5876796e+00
   7.3009291e+00   6.0731595e+00   9.3064262e+00
   6.8534986e+00   4.1410028e+00   1.0159352e+01
   8.8641863e+00   6.1846052e+00   1.0428914e+01
   6.5708820e+00   6.1324068e+00   8.8719566e+00
   6.9385441e+00   5.5757911e+00   1.0294406e+01
   6.9784754e+00   5.3073589e+00   9.4878408e+00
   8.5305702e+00   3.7344730e+00   1.0906334e+01
   7.7111740e+00   5.7664070e+00   9.2688164e+00
   6.5684849e+00   5.0627314e+00   9.9133362e+00
   7.7485266e+00   4.5819720e+00   9.4924650e+00
   6.5000098e+00   5.6396672e+00   9.7415377e+00
   8.8699179e+00   5.6918162e+00   1.0525138e+01
   4.7548363e+00   7.0929730e+00   9.2634918e+00
   7.4199965e+00   5.2022906e+00   8.6167838e+00
   8.1113152e+00   3.4116534e+00   9.0179172e+00
   7.0341436e+00   3.4392124e+00   8.6523238e+00
   5.8129634e+00   3.7454893e+00   1.0474856e+01
   7.9352013e+00   3.7258523e+00   1.0203856e+01
   6.4810998e+00   4.4511642e+00   1.0736707e+01
   7.7430711e+00   5.9477101e+00   9.2179938e+00
   6.7418856e+00   4.3939102e+00   1.0345770e+01
   7.5972186e+00   4.2637789e+00   9.4216884e+00
   6.8138057e+00   3.3799239e+00   1.0608575e+01
   7.8970267e+00   5.4292385e+00   1.0568222e+01
   6.3949783e+00   5.1087654e+00   1.0194509e+01
   9.3872094e+00   4.6524675e+00   1.1921669e+01
   8.2802726e+00   4.9899431e+00   8.9363595e+00
   7.7722776e+00   4.5182697e+00   9.7859868e+00
   6.3541580e+00   5.6034329e+00   1.0006420e+01
   7.7773341e+00   7.1274562e+00   1.0187399e+01
   6.6751245e+00   5.4334403e+00   1.0744766e+01
   8.7513450e+00   6.1492541e+00   1.1433323e+01
   7.7450762e+00   5.5085191e+00   9.3335997e+00
   8.3916575e+00   5.0983584e+00   1.0163922e+01
   6.8232696e+00   7.2297450e+00   7.9852383e+00
   6.5233502e+00   3.3121442e+00   8.3499106e+00
   7.2605143e+00   4.5011563e+00   1.0133948e+01
   6.5659181e+00   6.3665879e+00   9.9780601e+00
   6.2870608e+00   4.7489457e+00   9.3726313e+00
   8.3262415e+00   5.5365297e+00   8.4279775e+00
   5.9985451e+00   4.5657412e+00   9.6197001e+00
   7.2373141e+00   6.4466408e+00   1.1096897e+01
   8.6449095e+00   5.8924618e+00   1.0358980e+01
   5.8627340e+00   4.4662812e+00   9.1641073e+00
   8.1631785e+00   4.7251032e+00   9.9590219e+00
   6.9080535e+00   4.3808766e+00   1.1081008e+01
   6.0644321e+00   5.6738163e+00   1.0686582e+01
   5.8156890e+00   2.6323995e+00   7.7149058e+00
   7.6087336e+00   5.8863652e+00   1.0235624e+01
   9.9345972e+00   3.3374805e+00   1.0792658e+01
   7.7428987e+00   2.8919348e+00   9.8389584e+00
   6.5878567e+00   4.7232638e+00   8.8547957e+00
   9.0941867e+00   6.3014698e+00   1.0155520e+01
   6.2965351e+00   6.6711338e+00   1.0440059e+01
   6.6725216e+00   6.3712357e+00   9.5281309e+00
   7.9200562e+00   3.5777548e+00   9.6833072e+00
   4.8344466e+00   5.9284612e+00   9.9891983e+00
   5.9586934e+00   4.4574279e+00   1.0442260e+01
   4.1722003e+00   3.4838974e+00   8.3563084e+00
   4.4229805e+00   7.1352869e+00   8.6375027e+00
   3.0332350e+00   4.8936161e+00   7.7034700e+00
   4.2168212e+00   4.7427401e+00   7.1325372e+00
   4.1430319e+00   4.2834556e+00   8.8077208e+00
   4.0390705e+00   5.6743306e+00   8.6652942e+00
   4.9014020e+00   7.3157492e+00   7.0974745e+00
   3.6578923e+00   4.5515465e+00   8.4878846e+00
   4.3657689e+00   7.8532069e+00   8.6378478e+00
   3.4445237e+00   5.4543960e+00   7.3465123e+00
   2.9082959e+00   5.7887105e+00   9.3910863e+00
   4.3969156e+00   6.5002915e+00   8.1519712e+00
   8.4310466e-02   7.6044496e+00   6.6046482e+00
   3.5315583e+00   5.1509010e+00   8.3122256e+00
   3.3972934e+00   7.8486801e+00   9.1463663e+00
   4.4118986e+00   6.5329007e+00   7.2737184e+00
   4.3253210e+00   4.6091232e+00   7.7504147e+00
   5.0885392e+00   4.5072909e+00   9.3656835e+00
   3.4625066e+00   5.2541480e+00   8.7854923e+00
   4.0706784e+00   5.4088803e+00   7.7522909e+00
   3.5997180e+00   7.9281445e+00   7.5832676e+00
   5.7385048e+00   4.4946013e+00   8.4364303e+00
   3.8685900e+00   8.9965784e+00   8.4818473e+00
   3.0957418e+00   3.2377709e+00   8.3140358e+00
   5.6323231e+00   5.7234065e+00   7.2878194e+00
   2.2090886e+00   5.6173922e+00   8.0795172e+00
   3.3530569e+00   6.2686156e+00   8.5073282e+00
   3.0584404e+00   6.4302309e+00   9.4643347e+00
   3.3474420e+00   5.1086582e+00   9.3550747e+00
   3.4011525e+00   6.4159007e+00   7.8566829e+00
   5.4257228e+00   4.2801188e+00   7.7248469e+00
   4.2828569e+00   5.1440152e+00   7.6820876e+00
   6.5973907e+00   7.5157067e+00   9.9213888e+00
   3.4835948e+00   6.9344242e+00   9.0935161e+00
   3.9226826e+00   4.9611912e+00   9.8151683e+00
   3.9573812e+00   7.5258925e+00   8.1426603e+00
   5.2197573e+00   5.8179057e+00   8.7640516e+00
   4.2253976e+00   6.0424706e+00   6.3134243e+00
   3.9436086e+00   6.4759040e+00   6.7188935e+00
   3.8414512e+00   6.1722177e+00   8.1375900e+00
   5.3368332e+00   8.3154494e+00   7.0731856e+00
   4.4406555e+00   6.0683743e+00   6.4295503e+00
   3.7235541e+00   6.1377625e+00   7.7840644e+00
   4.1146445e+00   5.7116040e+00   9.0286672e+00
   6.2233584e+00   4.5664766e+00   7.4567370e+00
   5.5205114e+00   6.3875978e+00   7.7478664e+00
   3.6181716e+00   6.5559868e+00   1.0273377e+01
   3.7176906e+00   6.5478080e+00   9.7237599e+00
   4.5140005e+00   6.6208858e+00   7.2272797e+00
   3.0972826e+00   7.0038942e+00   8.0139309e+00
   3.7518613e+00   5.2263100e+00   5.7622020e+00
   2.8968176e+00   6.5591426e+00   8.5071664e+00
   2.1261275e+00   6.6045897e+00   8.0949148e+00
   3.5758193e+00   5.5564282e+00   8.3798358e+00
   3.8808554e+00   5.9726355e+00   9.3449343e+00
   4.5265364e+00   5.1863708e+00   8.5728087e+00
   3.9032384e+00   6.3893572e+00   6.5899010e+00
   2.2519036e+00   5.6588424e+00   6.3810098e+00
   4.6142272e+00   7.9171779e+00   8.1845509e+00
   3.2514886e+00   6.4661069e+00   7.3706836e+00
   2.7541418e+00   5.6946207e+00   7.0562339e+00
   5.3239578e+00   5.2736134e+00   5.7530549e+00
   4.4696661e+00   3.3350936e+00   7.2633262e+00
   4.0518626e+00   6.2241253e+00   8.8523535e+00
   4.1661772e+00   5.2158041e+00   7.3452171e+00
   5.6954720e+00   6.2323529e+00   7.9944955e+00
   3.4812906e+00   4.4952975e+00   7.3615954e+00
   3.4166122e+00   6.7827118e+00   8.2259335e+00
   2.3638541e+00   5.3328884e+00   7.8634933e+00
   5.0926194e+00   6.4060425e+00   9.2273184e+00
   4.5351301e+00   5.2347135e+00   6.9192433e+00
   4.4618750e+00   5.9299868e+00   8.3646517e+00
   2.9856862e+00   7.2103686e+00   8.1512010e+00
   3.6239964e+00   6.0683946e+00   6.2501599e+00
   4.2095850e+00   6.3234821e+00   8.3145585e+00
   4.5450317e+00   7.2511333e+00   6.9468655e+00
   3.6217754e+00   5.5560707e+00   6.6560716e+00
   2.0896490e+00   6.4597048e+00   7.9195156e+00
   3.0432814e+00   7.0666550e+00   9.1756452e+00
   4.2304797e+00   7.1405396e+00   8.4994070e+00
   3.8107675e+00   6.6335430e+00   9.5055850e+00
   5.5592472e+00   8.6787184e+00   7.5836620e+00
   2.1994071e+00   4.7273376e+00   8.0068364e+00
   2.5477731e+00   5.1571926e+00   8.5108033e+00
   4.2871346e+00   6.2933920e+00   8.8819280e+00
   2.6834788e+00   5.5465526e+00   7.3192245e+00
   5.1048030e+00   6.4917131e+00   7.5858455e+00
   4.6396806e+00   4.6252101e+00   7.8978632e+00
   3.7950928e+00   6.0795649e+00   7.9344016e+00
   2.6893487e+00   6.8550526e+00   8.3100692e+00
   4.1233127e+00   4.9898535e+00   8.4013034e+00
   4.7041312e+00   5.6585357e+00   7.6262187e+00
   4.3512105e+00   3.9788087e+00   8.2127544e+00
   3.6269926e+00   5.1663058e+00   8.8733214e+00
   3.8163865e+00   6.3052521e+00   6.8006428e+00
   5.2657348e+00   7.2926437e+00   7.4791770e+00
   5.0142512e+00   7.2544563e+00   5.6283020e+00
   4.5571435e+00   6.2568648e+00   9.2743220e+00
   2.6617918e+00   5.3961348e+00   9.0040187e+00
   1.3908294e+00   4.5673293e+00   7.5064482e+00
   3.1042514e+00   6.7909520e+00   7.5098789e+00
   3.0633635e+00   6.3781196e+00   1.0164541e+01
   3.5393507e+00   5.4383386e+00   8.1998349e+00
   3.3791725e+00   5.7548048e+00   6.4091710e+00
   4.6191306e+00   6.0717385e+00   9.2335287e+00
   3.3202849e+00   5.2345233e+00   8.4262901e+00
   5.6689399e+00   5.3197465e+00   9.2305734e+00
   3.8800862e+00   5.7161827e+00   9.3111310e+00
   4.0575146e+00   5.4331900e+00   5.6463234e+00
   2.0054336e+00   7.3873911e+00   7.7466723e+00
   3.1345839e+00   6.2337342e+00   1.0390921e+01
   1.5141613e+00   6.5774670e+00   8.0271390e+00
   3.5835919e+00   8.1559350e+00   7.4437183e+00
   4.6918691e+00   5.6302774e+00   8.0760214e+00
   5.3830879e+00   5.7055346e+00   9.3068248e+00
   2.3704151e+00   4.6837144e+00   7.9162126e+00
   1.9123231e+00   6.4693674e+00   9.5697722e+00
   4.3838966e+00   5.5135344e+00   7.1961432e+00
   4.1395168e+00   5.2477041e+00   6.6918897e+00
   3.0187724e+00   6.6531436e+00   7.2609805e+00
   4.6146284e+00   4.6202590e+00   7.4353305e+00
   3.8725608e+00   3.4201021e+00   8.2077990e+00
   4.4002942e+00   7.6765690e+00   9.9300244e+00
   3.5823978e+00   7.3341247e+00   6.6748545e+00
   3.1412260e+00   6.6731071e+00   6.1619163e+00
   4.9638073e+00   4.1598947e+00   7.1923107e+00
   5.1028027e+00   5.5947471e+00   6.3427179e+00
   5.4364799e+00   8.2869234e+00   8.1688867e+00
   3.5483428e+00   6.8186702e+00   7.9076217e+00
   3.5018562e+00   5.2799274e+00   7.0910477e+00
   4.3427444e+00   5.4407375e+00   8.5671185e+00
   3.4049243e+00   5.6382180e+00   6.5711425e+00
   4.3997923e+00   5.6950907e+00   7.7470873e+00
   3.2653855e+00   5.0164821e+00   8.2653888e+00
   3.7960408e+00   7.9990380e+00   7.7839594e+00
   2.5857333e+00   6.9758905e+00   8.0823036e+00
   2.0740534e+00   6.3832526e+00   7.5624216e+00
   4.1728858e+00   7.5310793e+00   7.4121405e+00
   3.6935071e+00   5.0547076e+00   7.7244877e+00
   3.2039712e+00   6.0479847e+00   8.0155467e+00
   3.8973194e+00   6.1020720e+00   7.4366251e+00
   3.6374057e+00   4.8293588e+00   8.0758561e+00
   5.2966344e+00   6.6739633e+00   8.8599057e+00
   3.5853370e+00   5.8023889e+00   5.8200264e+00
   5.2379493e+00   7.2731241e+00   7.5153953e+00
   3.2412011e+00   6.6967314e+00   8.0857706e+00
   3.1253827e+00   5.4259409e+00   7.9276675e+00
   2.1320940e+00   7.4318048e+00   9.8598879e+00
   4.4043037e+00   7.1603106e+00   8.8957882e+00
   4.3675106e+00   6.9033457e+00   8.5628637e+00
   5.5989495e+00   6.8773777e+00   8.7327014e+00
   6.3186714e+00   5.6163082e+00   6.9675264e+00
   5.3492721e+00   4.5306792e+00   8.6583159e+00
   4.3352861e+00   6.6666102e+00   7.6900842e+00
   5.0258778e+00   6.8805342e+00   6.0380521e+00
   4.1042548e+00   7.0101242e+00   5.8470566e+00
   3.8669130e+00   4.9516715e+00   8.7461490e+00
   3.4175906e+00   5.4158443e+00   7.3502464e+00
   4.7229172e+00   6.8050588e+00   7.9763281e+00
   4.3216662e+00   6.7338418e+00   7.6639892e+00
   2.9072129e+00   6.8543809e+00   6.9598397e+00
   4.5607934e+00   5.1275279e+00   7.4632643e+00
   4.9707193e+00   6.8324660e+00   8.4161521e+00
   3.9976350e+00   6.3947314e+00   5.7569944e+00
   4.1257524e+00   6.7238787e+00   8.3059874e+00
   4.4318287e+00   3.5358638e+00   7.0907401e+00
   3.2367205e+00   5.0925185e+00   8.9102498e+00
   3.2531065e+00   7.5408243e+00   7.9463261e+00
   5.4449091e+00   7.1160414e+00   7.8474567e+00
   5.0105523e+00   4.3165048e+00   7.0279356e+00
   5.2117351e+00   5.2616535e+00   6.8753710e+00
   3.3480480e+00   3.6402499e+00   9.1297377e+00
   5.0535331e+00   6.1935129e+00   6.9503573e+00
   4.9498955e+00   5.8803464e+00   9.0290264e+00
   4.8771554e+00   5.3041571e+00   9.0513635e+00
   3.7596156e+00   5.1129856e+00   8.0916128e+00
   4.1164380e+00   5.1388266e+00   8.5062679e+00
   6.1087014e+00   4.2320974e+00   7.6049251e+00
   4.4944920e+00   4.5782322e+00   7.4762234e+00
   2.4723605e+00   6.4833740e+00   9.2930575e+00
   3.8291986e+00   6.2196655e+00   5.3612242e+00
   2.0380183e+00   7.1141384e+00   7.5902780e+00
   4.7321076e+00   6.5221204e+00   7.7723990e+00
   3.1738184e+00   5.8664437e+00   7.2173668e+00
   3.8996296e+00   5.6779838e+00   9.3795805e+00
   4.4343594e+00   4.6366726e+00   7.9521879e+00
   4.3036566e+00   5.3663414e+00   8.5293895e+00
   2.5678366e+00   5.8263312e+00   7.5367912e+00
   3.3165541e+00   5.6407319e+00   8.3131499e+00
   2.9866091e+00   4.1790575e+00   5.5515372e+00
   3.4779169e+00   5.1544467e+00   9.2399215e+00
   5.9589656e+00   4.9038211e+00   8.7263245e+00
   4.2804899e+00   6.3353608e+00   7.2682611e+00
   2.5240630e+00   5.9222784e+00   8.9485011e+00
   4.7001610e+00   5.4504453e+00   9.0091981e+00
   3.6483455e+00   4.9529570e+00   6.7432452e+00
   4.8905653e+00   4.9842566e+00   8.6709838e+00
   3.6245596e+00   3.7352600e+00   8.2960467e+00
   4.0613828e+00   7.3662887e+00   7.4679239e+00
   5.2506201e+00   5.0249852e+00   7.9105168e+00
  -6.7273929e-01  -4.4829911e+00   1.8581118e+00
   3.5864089e-01  -2.3831786e+00  -1.8146497e-01
  -1.1949714e+00  -1.4328168e+00  -7.0973854e-01
  -1.1386470e+00  -2.8817368e+00   6.0482367e-01
  -5.7585603e-01  -2.2763286e+00   1.0411524e+00
  -1.4080172e+00  -1.9052044e+00  -5.6547222e-02
  -6.3974506e-01  -1.9179848e+00  -2.2929558e-01
  -4.3027791e-01  -8.6938903e-01   1.0804469e+00
  -1.3763652e+00  -3.5020776e+00   1.6861359e+00
  -1.9914321e+00  -7.5626514e-01  -2.2765373e-01
  -1.4369877e+00  -5.4460155e-01   7.2380645e-01
  -1.2920704e+00  -1.4552468e+00  -1.8927400e+00
  -3.5115138e-01  -2.9191271e+00  -7.0314932e-01
  -9.7389316e-01  -3.2153324e+00  -6.5552430e-01
  -4.5458295e-02  -2.4844576e+00  -1.3858591e+00
  -1.7532134e+00  -2.4307409e+00   4.0293548e-02
  -5.4838551e-01  -1.7101507e+00  -8.3936395e-01
  -1.7360769e-01  -1.0656625e+00  -1.0287149e+00
  -4.3432547e-01  -1.0394454e+00   1.1103070e+00
  -1.7594641e+00  -9.8627618e-01   9.0191457e-02
  -4.6466449e-01  -2.0475748e+00   1.1418980e+00
  -1.5853343e+00  -2.1483079e+00   3.0402532e-01
  -9.9338620e-01  -1.8449372e+00   1.8561620e+00
  -1.5001393e+00  -1.5502822e+00   6.1859679e-01
  -4.6861994e-02  -3.0042095e+00   6.5186116e-01
  -2.7865857e+00  -1.3259692e+00   9.3734128e-01
  -8.0868342e-01  -2.0530170e+00  -8.7309302e-01
  -1.1481161e+00  -3.7767922e+00  -1.0504171e+00
  -2.0565623e+00  -2.6115243e+00   1.0759451e+00
  -8.7521316e-01  -1.9237450e+00   9.0319327e-01
  -1.3870381e+00  -1.5600217e+00  -8.1632867e-01
   5.2261632e-02  -1.3809453e+00  -1.0656362e-01
  -2.9435834e+00  -1.6435955e+00  -1.4246725e-02
  -7.3546561e-01  -1.2341361e+00   5.8150024e-01
  -4.6206577e-01  -1.7736087e+00   3.4283848e-01
  -3.1196706e+00  -2.4125452e+00  -1.4667458e+00
  -1.7081407e-01  -9.3999244e-01   9.5296398e-01
   2.8048061e-01  -1.9497101e+00   9.6192343e-02
  -2.4039817e-01  -2.0800121e+00   1.9862858e-01
   6.8195913e-01  -3.1609057e+00   3.0555478e-01
  -3.6021205e-01  -1.1959709e+00   2.0411918e-01
  -2.9998735e+00  -2.7657660e+00  -2.7307607e-01
  -2.0609078e+00  -1.1373373e+00  -9.9854915e-01
   3.5946259e-01  -3.2846646e+00  -2.9465906e-01
  -1.2720759e+00  -1.7693489e+00  -4.1727291e-01
  -2.0933359e+00  -2.4008834e+00   8.3024390e-01
  -3.1198246e+00  -2.0897297e+00   2.4047912e+00
  -2.2062135e+00  -3.3985692e+00  -6.9903751e-01
  -1.7036420e+00  -2.5598346e+00   8.4331308e-01
  -4.1762264e-01  -1.0412993e+00   4.3117789e-01
  -3.8077711e-01   3.0561031e-01   1.5427392e-01
   6.5921229e-01  -1.3055409e+00   7.5012601e-01
   1.1005979e-02  -3.8526328e+00   4.7220525e-01
  -1.7631292e+00  -2.4677924e+00   1.1575911e-01
  -9.0376474e-01  -1.5826956e+00  -1.2891855e+00
  -6.1779813e-01  -2.6892809e+00  -7.7868869e-01
  -4.5718555e-01   6.1030788e-02   1.3870124e+00
  -2.2178122e+00  -2.0605461e+00   8.0439373e-01
  -1.7444614e+00  -7.1492641e-01   4.6965498e-01
  -1.3613798e+00  -1.7143347e+00   1.3232625e+00
  -1.1086882e+00  -1.9269179e+00   4.4765164e-01
   7.7115810e-01  -1.6612282e-01   7.7204655e-02
  -6.0957845e-01  -3.2033663e+00  -3.0057406e-01
  -1.9998833e+00  -2.4973244e+00  -5.0934498e-01
  -8.9020634e-01  -3.5705331e+00  -7.9462367e-02
  -9.7718661e-01  -1.7230258e+00  -1.5089972e+00
  -1.1430019e+00  -1.5696084e+00  -2.8618503e-01
   4.2656922e-01  -1.4665916e+00   1.3723963e+00
   9.7414875e-01  -9.3705965e-01  -1.7062617e-01
  -8.5997839e-01  -3.2886096e+00   1.7660918e-01
  -7.1182645e-01  -5.7020134e-01   2.7415603e-01
  -2.2172598e+00  -3.8470264e+00   2.1994088e+00
   2.8493662e-02  -1.4580893e+00  -1.0475294e+00
  -1.8481655e+00  -3.9337321e+00  -1.3607695e+00
  -7.4929348e-01  -1.1910899e+00   6.4033743e-01
  -7.2250154e-01  -1.7533714e+00   8.2090867e-01
  -1.1522926e+00  -7.9623026e-01  -5.4395991e-01
  -5.1478273e-01  -1.3216560e+00  -9.1793411e-01
  -9.3018964e-01  -7.1131654e-01  -1.8926715e-01
   1.1733272e+00  -2.5946460e+00  -7.1366670e-01
   5.1034667e-01  -3.5890234e+00   4.9722505e-01
   1.1762400e+00  -4.0053293e+00   2.0116102e-01
  -1.6339713e-02   2.8888100e-02  -3.3317629e+00
  -8.8708031e-01  -8.6656102e-01   1.2395092e-01
  -8.0320397e-01  -1.2369167e+00  -9.8551066e-01
  -7.9718921e-01  -1.4737532e+00  -7.5112696e-01
  -8.1175221e-02  -2.9796793e+00   2.2270827e-01
  -1.3101635e+00  -1.8629963e+00  -6.2037122e-01
  -6.7872871e-01  -2.2666436e+00  -1.3384928e+00
  -1.8003774e+00  -1.5448468e+00  -1.9823192e-01
   2.0937296e-02  -2.5655481e+00  -7.4618275e-01
  -1.4933023e+00   4.7163864e-01  -4.3416935e-01
  -2.3282812e+00  -3.2457155e+00  -1.6800429e+00
  -1.2792403e+00  -1.2161772e+00   8.9311320e-01
  -1.5278143e+00  -1.3425192e+00  -2.3401790e-01
  -1.8620940e+00  -2.2811167e+00   1.1470662e-01
  -1.5828449e+00   1.0613551e+00  -1.2045328e+00
  -3.6385992e-01  -2.4365724e+00  -1.5743771e-01
  -1.0721997e+00  -2.1285662e+00   1.2834036e+00
  -2.5771275e+00   1.8542885e-01  -8.2462463e-02
   4.9488113e+00   3.6943183e+00   6.1243973e+00
   3.7194757e+00   5.1017330e-01   5.5652624e+00
   4.2649975e+00   3.1161206e+00   5.1761288e+00
   2.3641821e+00   2.4253337e+00   5.0172109e+00
   3.3426863e+00   2.5431095e+00   4.7159362e+00
   4.6510063e+00   1.4408115e+00   5.9796724e+00
   2.3750261e+00   6.8191886e-01   5.5428852e+00
   3.9280298e+00   6.3196352e-01   3.6717513e+00
   5.1279764e+00   8.2460327e-01   6.3946605e+00
   2.7892225e+00   1.3932385e+00   5.0321238e+00
   1.4327068e+00   8.2026168e-01   5.7296727e+00
   1.4793025e+00   3.0079164e+00   5.5102476e+00
   3.4127186e+00   2.2468032e+00   6.2575424e+00
   4.9008686e+00   2.2247255e+00   4.0501916e+00
   3.1664603e+00   7.8146790e-01   4.8120172e+00
   3.2834813e+00   2.7296024e+00   4.6913244e+00
   1.7954868e+00  -5.1105223e-01   6.4739236e+00
   3.8316835e+00   1.3567503e+00   7.3218900e+00
   3.6414412e+00   2.5955052e+00   4.6408000e+00
   4.1818910e+00   4.0023061e+00   5.4409823e+00
   2.7921647e+00   1.5853606e+00   3.6004476e+00
   4.9743655e+00   2.8685738e+00   4.8787909e+00
   3.3480225e+00   4.2465880e+00   4.0687630e+00
   1.8198593e+00   1.3746448e+00   5.4617519e+00
   3.2920609e+00   1.2982052e+00   7.0211938e+00
   4.8954436e+00   4.3140254e+00   4.9666037e+00
   3.9848110e+00   2.1178800e+00   5.3875925e+00
   1.6785904e+00   3.1406713e+00   5.9908648e+00
   5.2781747e+00   2.3078214e+00   4.0546948e+00
   4.0691554e+00   2.7495111e+00   3.3924531e+00
   3.5832481e+00   2.6576523e+00   4.9641763e+00
   3.4736372e+00   2.4370125e+00   4.1364729e+00
   3.2986195e+00  -7.9112002e-01   6.3473033e+00
   3.2544026e+00   1.4682747e+00   6.4319563e+00
   2.4873536e+00   1.5463492e+00   4.3233956e+00
   4.6618800e+00   1.1182358e+00   6.2859339e+00
   3.4048696e+00   1.2206760e+00   3.6841192e+00
   4.5036890e+00   1.4904145e+00   5.3861010e+00
   4.1242348e+00   7.9503408e-01   5.0589058e+00
   3.6175750e+00   2.0444622e+00   4.9728317e+00
   3.9396282e+00   1.2077040e+00   4.4369849e+00
   2.6016530e+00   1.2382320e+00   3.9677862e+00
   4.0246393e+00   3.6693513e-01   4.6925581e+00
   5.1645702e+00   2.8781323e+00   5.5062830e+00
   4.7322841e+00   1.5230388e-01   5.3225597e+00
   3.8384492e+00   2.7965933e+00   6.0368923e+00
   3.9899949e+00   1.9968679e+00   4.3673230e+00
   3.4821142e+00   2.6345864e+00   4.0731632e+00
   2.5149600e+00   1.3483754e+00   5.1761404e+00
   2.7939370e+00   2.5369537e+00   4.5560564e+00
   2.6163052e+00   2.9397421e+00   5.9460641e+00
   3.0358101e+00   2.2248861e+00   3.5495739e+00
   4.5090242e+00   2.1633251e+00   4.4830718e+00
   4.5690586e+00   2.0297223e+00   5.0925351e+00
   4.8855139e+00   1.8668221e+00   4.4332081e+00
   4.1112081e+00   2.1630489e+00   4.0136528e+00
   4.7149299e+00   1.6408446e+00   6.0726842e+00
   1.5735010e+00   2.6818183e-01   5.8919089e+00
   3.5668578e+00   3.0666192e+00   6.6954571e+00
   8.7101473e-01   1.3589778e+00   5.6392406e+00
   4.7094270e+00   1.9009253e+00   4.4466532e+00
   2.8379642e+00   1.8353619e+00   4.7244279e+00
   4.5324204e+00   2.6359710e+00   5.3591857e+00
   4.3829780e+00   3.5023466e+00   6.1774445e+00
   3.0527715e+00  -1.8541926e-01   4.8087891e+00
   2.6412530e+00   2.2884679e+00   3.3216539e+00
   3.1918319e+00   1.5939919e+00   3.9927385e+00
   3.2908383e+00   6.2915716e-01   5.6461252e+00
   3.6352254e+00   1.6407793e+00   5.0047428e+00
   3.2324169e+00   1.8389719e+00   5.9335159e+00
   3.9447043e+00   4.2310807e+00   5.4286339e+00
   2.4144303e+00   5.3509700e-01   3.5836904e+00
   3.3777973e+00   3.9320276e+00   6.2529284e+00
   3.1444846e+00   2.0277296e+00   3.7485286e+00
   3.3273037e+00   2.8318315e+00   4.9175238e+00
   2.8360798e+00   1.5700066e+00   5.1313369e+00
   2.9711800e+00   9.4647171e-01   5.4209509e+00
   3.6717586e+00   2.6583640e+00   6.4430097e+00
   3.8286838e+00   2.7850461e+00   6.0471743e+00
   4.1789057e+00   2.9194787e+00   4.0126959e+00
   3.3217476e+00   1.7618870e+00   4.0397114e+00
   4.1545499e+00   2.9915092e+00   6.0222105e+00
   3.9136663e+00   1.8008803e+00   5.6286623e+00
   3.0746204e+00   3.3179260e+00   5.1801603e+00
   3.0231516e+00   2.1448092e+00   4.9558696e+00
   4.1976630e+00   1.7510415e+00   5.5927703e+00
   1.2010397e+00   3.0854843e-01   4.5327083e+00
   4.6737954e+00   4.2956288e+00   7.1499766e+00
   4.1553853e+00   2.7195776e+00   4.9561485e+00
   2.3092604e+00   1.5853117e+00   4.9681601e+00
   5.5384777e+00   2.2034750e+00   4.6284756e+00
   3.4305018e+00   1.6827080e+00   5.2334956e+00
   4.6148939e+00   1.3732491e+00   5.1422629e+00
   6.4185381e+00   1.1785926e+00   4.0939873e+00
   2.7902782e+00   4.4204352e-01   5.9306804e+00
   3.6509751e+00   3.3734101e+00   4.3204513e+00
   4.9402731e-01   2.8668092e+00   4.1149450e+00
   2.4379054e+00   1.8047971e+00   5.4728218e+00
   2.9304550e+00   1.6164080e+00   4.5294255e+00
   4.4621907e+00   3.0049691e+00   4.7067397e+00
   2.9697063e+00   1.5193903e-01   3.5421947e+00
   3.6737636e+00  -8.5589745e-01   4.3621936e+00
   3.2556253e+00   1.1408155e+00   5.6244825e+00
   4.2111681e+00   1.0374162e+00   4.7781280e+00
   6.1785209e+00   3.4048344e+00   4.9508282e+00
   3.3973592e+00   1.1465727e+00   4.0001135e+00
   2.5931493e+00   2.8592135e-01   3.3144472e+00
   2.9609911e+00   4.7199284e-01   4.1658614e+00
   2.9655701e+00   1.5063715e+00   4.4630595e+00
   2.8787734e+00   2.6978666e+00   4.5614807e+00
   5.6259234e+00  -5.7401850e-01   6.0625856e+00
   3.5188599e+00   1.4762346e+00   4.6977059e+00
   3.6047059e+00   1.2315353e+00   6.2976319e+00
   2.6449695e+00   3.1655530e+00   6.5161030e+00
   2.9514415e+00   4.0704315e+00   5.1485651e+00
   4.2585740e+00   2.5416390e+00   4.4691384e+00
   3.5861638e+00   2.7386686e+00   5.1074759e+00
   4.3159442e+00   1.3612161e+00   4.5789997e+00
   3.5873857e+00   9.7239684e-01   4.7747885e+00
   2.9385957e+00   1.9127254e+00   5.7129093e+00
   5.0339769e+00   2.7536909e+00   5.7787032e+00
   3.6389052e+00   4.2138081e+00   3.7132951e+00
   6.1721630e+00   2.2684438e+00   3.8774147e+00
   4.6033750e+00   1.0207331e+00   6.2571139e+00
   2.0445979e+00   1.0255527e+00   4.5032169e+00
   2.3684581e+00   8.7680083e-01   4.4458149e+00
   2.5378067e+00   2.6433499e+00   6.5196289e+00
   3.1168966e+00   2.3817712e+00   5.7796613e+00
   3.5051543e+00   2.1478311e+00   6.2393156e+00
   4.2326011e+00   2.4813418e+00   4.4848993e+00
   4.9854266e+00   1.9064600e+00   6.6334083e+00
   3.6979376e+00   1.4617755e+00   4.5546293e+00
   3.5787215e+00   2.4382914e+00   5.1189484e+00
   2.6859884e+00   2.5870504e+00   4.1444731e+00
   3.6426598e+00   9.7133243e-01   5.1569217e+00
   3.7784916e+00  -3.2700815e-01   4.7091625e+00
   3.9204075e+00   1.3439281e+00   5.4643838e+00
   4.9189933e+00   8.4249103e-01   3.8516374e+00
   2.3529075e+00   1.0993735e+00   3.8485342e+00
   4.0534954e+00   2.9765819e+00   4.0744038e+00
   2.1055725e+00   1.2413544e+00   4.2424926e+00
   4.7580425e+00   1.8891548e+00   4.1440769e+00
   6.1407289e+00   4.8721061e+00   4.4422577e+00
   4.4684323e+00   2.0230423e+00   3.3945085e+00
   2.2199809e+00   1.0051059e+00   4.1058595e+00
   3.6473103e+00   2.2188843e+00   2.9177230e+00
   3.0965359e+00   5.5787718e-01   3.3668747e+00
   2.1507256e+00   1.2385070e+00   5.4255004e+00
   2.5745190e+00   1.4539058e+00   3.8494164e+00
   1.5392094e+00   2.0118211e+00   4.8651429e+00
